0.3344 0.0598 0.6547 0.0514 0.7635 0.0649 1.7269 0.0062 -0.0050 0.0058 -0.0009 0.0008 0.3634 0.0359 0.0 0.0 1.0 0.0 0.0
-0.0001 0.6449 0.1707 0.7873 0.2902 0.7881 -0.0052 1.7383 0.0081 1.9903 -0.0040 0.0048 0.0965 0.4619 0.0 0.0 1.0 0.0 0.0
0.0012 0.6532 0.1940 0.7732 0.3148 0.7726 -0.0053 1.7387 -0.0076 2.0094 -0.0001 0.0002 0.1061 0.4587 0.0 0.0 1.0 0.0 0.0
0.5217 0.2750 0.8165 0.4318 0.9287 0.4928 0.8217 0.4257 0.9452 0.4965 0.8073 0.4427 0.4717 0.2490 1.0 0.0 0.0 0.0 0.0
1.1048 0.0006 0.6933 0.1093 0.5692 0.0790 0.7035 0.0970 0.5685 0.0643 0.7058 0.0944 0.4861 0.0469 0.0 1.0 0.0 0.0 0.0
0.6955 0.4091 1.0146 0.7090 1.1271 0.7177 1.7400 -0.0097 2.0010 -0.0010 -0.0050 1.7379 0.5870 0.3822 0.0 0.0 1.0 0.0 0.0
-0.0001 0.8185 0.1802 0.9517 0.2949 0.9579 0.0034 1.7281 0.0029 1.9961 0.0018 -0.0020 0.1004 0.5670 0.0 0.0 1.0 0.0 0.0
1.1096 -0.0050 0.6926 0.2641 0.5711 0.1801 0.6873 0.2706 0.5561 0.1790 0.6966 0.2593 0.4786 0.1213 0.0 1.0 0.0 0.0 0.0
1.1014 0.0051 0.4808 1.2517 0.4159 1.0070 0.4847 1.2478 0.4061 0.9516 0.4860 1.2455 0.3613 0.5358 0.0 1.0 0.0 0.0 0.0
0.1687 0.9362 0.1044 0.6348 0.0932 0.5094 0.0983 0.6421 0.0887 0.5022 0.1005 0.6398 0.0851 0.4188 0.0 1.0 0.0 0.0 0.0
0.3618 0.4866 0.5654 0.7643 0.6542 0.8579 0.5680 0.7606 0.6591 0.8753 0.5745 0.7532 0.3298 0.4371 1.0 0.0 0.0 0.0 0.0
0.3808 0.3507 0.5937 0.5526 0.6782 0.6261 0.5901 0.5568 0.6924 0.6300 0.5916 0.5552 0.3415 0.3206 1.0 0.0 0.0 0.0 0.0
0.4059 0.5712 0.7197 0.5704 0.8432 0.5664 1.7320 -0.0000 -0.0048 2.0062 0.0009 -0.0011 0.4060 0.3559 0.0 0.0 1.0 0.0 0.0
0.1834 0.0601 0.2952 0.0849 0.3334 0.1001 0.2902 0.0910 0.3445 0.0939 0.2941 0.0860 0.1687 0.0512 1.0 0.0 0.0 0.0 0.0
0.1098 0.9964 0.0813 0.6770 0.0615 0.5567 0.0719 0.6879 0.0629 0.5422 0.0711 0.6887 0.0600 0.4538 0.0 1.0 0.0 0.0 0.0
0.1814 0.2399 0.4896 0.2464 0.6118 0.2436 1.7327 -0.0013 0.0029 -0.0036 -0.0008 0.0010 0.2661 0.1513 0.0 0.0 1.0 0.0 0.0
0.2803 0.5649 0.4468 0.8760 0.5051 1.0016 0.4515 0.8697 0.5197 1.0072 0.4474 0.8750 0.2574 0.5062 1.0 0.0 0.0 0.0 0.0
0.0901 0.9946 0.1229 1.5795 0.1365 1.8032 0.1215 1.5813 0.1437 1.8222 0.1304 1.5709 0.0729 0.9098 1.0 0.0 0.0 0.0 0.0
0.3322 0.5086 0.5305 0.7854 0.6007 0.8983 0.5178 0.8004 0.6231 0.8942 0.5327 0.7826 0.3051 0.4548 1.0 0.0 0.0 0.0 0.0
0.8387 0.2675 1.1569 0.4431 1.2757 0.4448 1.7239 0.0097 1.9954 0.0054 -0.0107 1.7447 0.6812 0.2400 0.0 0.0 1.0 0.0 0.0
0.3048 0.2016 0.6137 0.2067 0.7331 0.2079 1.7312 0.0010 -0.0042 0.0050 0.0072 -0.0086 0.3444 0.1261 0.0 0.0 1.0 0.0 0.0
0.4476 0.6586 0.2513 0.7335 0.2153 0.5539 0.2451 0.7412 0.2103 0.5420 0.2429 0.7434 0.1986 0.4122 0.0 1.0 0.0 0.0 0.0
1.1053 0.0000 0.8999 0.8316 0.7177 0.3727 0.9102 0.8196 0.7013 0.3565 0.8982 0.8333 0.5758 0.2026 0.0 1.0 0.0 0.0 0.0
1.1021 0.0038 0.7159 0.4933 0.5890 0.3051 0.7334 0.4722 0.5784 0.2931 0.7272 0.4795 0.4980 0.1830 0.0 1.0 0.0 0.0 0.0
0.3935 0.7128 0.2217 0.3863 0.2010 0.3023 0.2169 0.3926 0.1922 0.3031 0.2221 0.3864 0.1803 0.2539 0.0 1.0 0.0 0.0 0.0
0.0956 0.8146 0.4117 0.8113 0.5338 0.8087 1.7322 -0.0006 -0.0001 1.9998 0.0041 -0.0048 0.2210 0.5013 0.0 0.0 1.0 0.0 0.0
-0.0006 0.9232 0.1719 1.0654 0.2906 1.0668 0.0038 1.7270 -0.0009 2.0007 -0.0036 0.0043 0.0999 0.6301 0.0 0.0 1.0 0.0 0.0
1.1041 0.0016 0.8888 0.8434 0.7155 0.7643 0.8851 0.8472 0.6963 0.7095 0.8805 0.8522 0.5712 0.3409 0.0 1.0 0.0 0.0 0.0
0.2353 0.7249 0.5496 0.7238 0.6797 0.7114 1.7301 0.0024 0.0063 1.9930 0.0011 -0.0013 0.3036 0.4480 0.0 0.0 1.0 0.0 0.0
0.3411 0.4945 0.6590 0.4891 0.7788 0.4888 1.7383 -0.0070 -0.0085 2.0102 -0.0032 0.0037 0.3680 0.3092 0.0 0.0 1.0 0.0 0.0
0.3693 0.3070 0.5899 0.4672 0.6662 0.5387 0.5893 0.4680 0.6700 0.5528 0.5866 0.4709 0.3390 0.2717 1.0 0.0 0.0 0.0 0.0
0.3788 0.5010 0.6804 0.5145 0.8131 0.4997 1.7306 0.0017 0.0015 1.9985 0.0073 -0.0089 0.3879 0.3169 0.0 0.0 1.0 0.0 0.0
0.0037 0.0312 0.1216 0.2268 0.2428 0.2249 -0.0069 0.0083 0.0065 -0.0078 0.0044 -0.0051 0.0730 0.1132 0.0 0.0 1.0 0.0 0.0
1.1058 -0.0004 1.7338 -0.0021 1.6343 0.3375 1.7296 0.0031 1.5144 0.2895 1.7291 0.0034 0.9435 0.0468 0.0 1.0 0.0 0.0 0.0
0.1902 0.1354 0.3121 0.1955 0.3423 0.2383 0.3152 0.1922 0.3625 0.2237 0.3028 0.2069 0.1786 0.1148 1.0 0.0 0.0 0.0 0.0
0.5563 0.5497 0.2845 0.4726 0.2468 0.3683 0.2895 0.4665 0.2433 0.3596 0.2924 0.4630 0.2309 0.2807 0.0 1.0 0.0 0.0 0.0
0.5398 0.5648 0.8418 0.8200 0.9765 0.8019 1.7355 -0.0044 -0.0092 2.0109 0.0031 1.7281 0.4889 0.4568 0.0 0.0 1.0 0.0 0.0
0.3319 0.2537 0.5143 0.4042 0.5854 0.4604 0.5168 0.4018 0.5897 0.4721 0.5133 0.4053 0.2967 0.2337 1.0 0.0 0.0 0.0 0.0
0.1429 0.5632 0.4612 0.5576 0.5754 0.5643 1.7414 -0.0108 -0.0023 2.0023 0.0029 -0.0036 0.2474 0.3497 0.0 0.0 1.0 0.0 0.0
1.1021 0.0041 0.4871 1.2462 0.4123 0.8551 0.4914 1.2412 0.4088 0.8109 0.5002 1.2307 0.3668 0.4809 0.0 1.0 0.0 0.0 0.0
0.7053 0.4008 1.0299 0.7002 1.1448 0.7194 1.7282 0.0047 2.0073 -0.0082 -0.0045 1.7369 0.5985 0.3765 0.0 0.0 1.0 0.0 0.0
0.3490 0.7564 0.1949 0.6606 0.1717 0.5125 0.1975 0.6575 0.1705 0.4986 0.2001 0.6543 0.1624 0.3951 0.0 1.0 0.0 0.0 0.0
1.1013 0.0054 0.9212 0.2902 0.7303 0.1643 0.9240 0.2870 0.7072 0.1663 0.9311 0.2781 0.5858 0.0964 0.0 1.0 0.0 0.0 0.0
0.0011 0.1983 0.1580 0.3540 0.2781 0.3541 -0.0011 1.7334 0.0034 -0.0042 0.0031 -0.0037 0.0886 0.1913 0.0 0.0 1.0 0.0 0.0
0.5104 0.5973 0.8340 0.6526 0.9539 0.6529 1.7324 -0.0002 -0.0131 2.0152 0.0044 1.7270 0.4810 0.3870 0.0 0.0 1.0 0.0 0.0
0.2318 0.2528 0.5533 0.2428 0.6665 0.2510 1.7390 -0.0083 0.0044 -0.0053 0.0039 -0.0047 0.3024 0.1535 0.0 0.0 1.0 0.0 0.0
1.0944 0.0137 0.5421 1.1898 0.4454 0.8425 0.5465 1.1852 0.4507 0.7861 0.5415 1.1910 0.3961 0.4586 0.0 1.0 0.0 0.0 0.0
1.1085 -0.0036 0.4723 0.0357 0.3989 0.0280 0.4870 0.0181 0.3996 0.0184 0.4749 0.0327 0.3606 0.0135 0.0 1.0 0.0 0.0 0.0
-0.0047 0.6176 0.1389 0.7856 0.2613 0.7825 -0.0005 1.7331 -0.0121 2.0140 -0.0013 0.0016 0.0809 0.4567 0.0 0.0 1.0 0.0 0.0
0.4457 0.3052 0.7067 0.4687 0.8063 0.5313 0.7145 0.4588 0.8250 0.5307 0.7093 0.4655 0.4097 0.2686 1.0 0.0 0.0 0.0 0.0
1.1089 -0.0042 0.4909 1.2422 0.4202 0.8351 0.4883 1.2452 0.4214 0.7864 0.4953 1.2370 0.3682 0.4758 0.0 1.0 0.0 0.0 0.0
0.7822 0.0515 1.2191 0.0882 1.3855 0.1033 1.2200 0.0866 1.4219 0.0844 1.2123 0.0958 0.7074 0.0465 1.0 0.0 0.0 0.0 0.0
0.9958 0.0469 1.5514 0.0836 1.7575 0.1056 1.5513 0.0838 1.7953 0.0920 1.5604 0.0729 0.8951 0.0490 1.0 0.0 0.0 0.0 0.0
1.1051 0.0007 0.5603 0.5668 0.4680 0.3835 0.5590 0.5682 0.4549 0.3770 0.5489 0.5802 0.4061 0.2524 0.0 1.0 0.0 0.0 0.0
1.1002 0.0067 0.9003 0.0231 0.7075 0.0237 0.8929 0.0321 0.6974 0.0169 0.8910 0.0340 0.5738 0.0133 0.0 1.0 0.0 0.0 0.0
0.2615 0.2333 0.5756 0.2320 0.6990 0.2288 1.7325 -0.0001 -0.0015 0.0018 0.0038 -0.0045 0.3170 0.1461 0.0 0.0 1.0 0.0 0.0
0.3943 0.7121 0.2280 0.6620 0.1892 0.5201 0.2240 0.6672 0.1917 0.5013 0.2234 0.6676 0.1806 0.3926 0.0 1.0 0.0 0.0 0.0
1.1061 -0.0006 0.4833 1.0216 0.4103 0.5922 0.4952 1.0074 0.4068 0.5671 0.4867 1.0173 0.3649 0.3720 0.0 1.0 0.0 0.0 0.0
0.6160 0.4886 0.3117 0.5465 0.2649 0.4221 0.3158 0.5414 0.2647 0.4067 0.2973 0.5634 0.2446 0.3144 0.0 1.0 0.0 0.0 0.0
0.4947 0.6115 0.2652 0.6671 0.2321 0.5026 0.2690 0.6629 0.2207 0.4998 0.2670 0.6649 0.2135 0.3764 0.0 1.0 0.0 0.0 0.0
1.0213 0.0834 0.4085 1.3214 0.3291 0.8058 0.3934 1.3394 0.3370 0.7600 0.3931 1.3390 0.3036 0.4930 0.0 1.0 0.0 0.0 0.0
0.6544 0.1038 1.0220 0.1669 1.1690 0.1839 1.0227 0.1663 1.1860 0.1863 1.0278 0.1600 0.5929 0.0931 1.0 0.0 0.0 0.0 0.0
-0.0007 0.4207 0.2942 0.4390 0.4143 0.4387 0.0022 1.7297 -0.0032 0.0039 -0.0032 0.0036 0.1580 0.2575 0.0 0.0 1.0 0.0 0.0
0.6287 0.1541 0.9763 0.2510 1.1114 0.2864 0.9829 0.2437 1.1392 0.2762 0.9859 0.2397 0.5671 0.1410 1.0 0.0 0.0 0.0 0.0
-0.0025 0.9476 0.0619 1.1958 0.1768 1.2015 -0.0073 1.7410 -0.0113 2.0130 0.0028 -0.0032 0.0496 0.6934 0.0 0.0 1.0 0.0 0.0
0.0030 1.0851 0.2641 1.1399 0.3934 1.1285 -0.0062 1.7391 -0.0012 2.0012 -0.0168 1.7524 0.1456 0.6786 0.0 0.0 1.0 0.0 0.0
0.6760 0.4309 0.3304 0.7722 0.2879 0.5497 0.3388 0.7622 0.2887 0.5280 0.3296 0.7728 0.2611 0.3896 0.0 1.0 0.0 0.0 0.0
0.5152 0.2204 0.7925 0.3629 0.9020 0.4138 0.7930 0.3622 0.9162 0.4176 0.7992 0.3547 0.4603 0.2061 1.0 0.0 0.0 0.0 0.0
0.5938 0.5108 0.2968 1.4359 0.2547 1.2999 0.3071 1.4240 0.2570 1.2074 0.3047 1.4271 0.2386 0.6899 0.0 1.0 0.0 0.0 0.0
0.3118 0.4064 0.4964 0.6273 0.5593 0.7214 0.4935 0.6311 0.5682 0.7310 0.4906 0.6342 0.2833 0.3662 1.0 0.0 0.0 0.0 0.0
0.3885 0.2978 0.7009 0.2987 0.8114 0.3101 1.7315 0.0013 0.0121 1.9861 -0.0000 -0.0001 0.3975 0.1869 0.0 0.0 1.0 0.0 0.0
1.1122 -0.0080 0.4380 0.7734 0.3668 0.5292 0.4406 0.7702 0.3703 0.5012 0.4380 0.7731 0.3338 0.3482 0.0 1.0 0.0 0.0 0.0
0.2953 0.5542 0.6132 0.5484 0.7298 0.5531 1.7285 0.0042 -0.0054 2.0067 0.0056 -0.0067 0.3415 0.3438 0.0 0.0 1.0 0.0 0.0
0.1380 0.1300 0.4560 0.1245 0.5698 0.1315 1.7312 0.0014 0.0002 -0.0003 0.0052 -0.0063 0.2445 0.0765 0.0 0.0 1.0 0.0 0.0
0.5319 0.1121 0.8363 0.1220 0.9697 0.1059 1.7353 -0.0040 -0.0078 2.0094 -0.0011 0.0013 0.4872 0.0704 0.0 0.0 1.0 0.0 0.0
0.5001 0.1635 0.7915 0.2466 0.8943 0.2886 0.7806 0.2596 0.9065 0.2933 0.7861 0.2530 0.4547 0.1451 1.0 0.0 0.0 0.0 0.0
0.2758 0.2207 0.4305 0.3469 0.4881 0.3978 0.4322 0.3452 0.4952 0.4036 0.4254 0.3536 0.2474 0.2018 1.0 0.0 0.0 0.0 0.0
0.6451 0.0875 0.9596 0.0859 1.0783 0.0874 1.7287 0.0038 1.9990 0.0020 -0.0002 0.0003 0.5585 0.0554 0.0 0.0 1.0 0.0 0.0
0.5462 0.5260 0.8420 0.8412 0.9739 0.9395 0.8575 0.8232 0.9642 0.9806 0.8508 0.8310 0.4920 0.4786 1.0 0.0 0.0 0.0 0.0
0.2501 0.8553 0.1445 0.6985 0.1296 0.5462 0.1453 0.6979 0.1288 0.5329 0.1509 0.6914 0.1219 0.4304 0.0 1.0 0.0 0.0 0.0
0.0625 0.5293 0.3631 0.5450 0.4882 0.5391 1.7236 0.0100 0.0066 1.9919 -0.0003 0.0005 0.1964 0.3296 0.0 0.0 1.0 0.0 0.0
0.2879 0.8167 0.1577 1.5757 0.1458 1.2719 0.1693 1.5627 0.1404 1.2138 0.1568 1.5768 0.1365 0.7591 0.0 1.0 0.0 0.0 0.0
1.0992 0.0072 0.4966 0.2342 0.4265 0.1690 0.5079 0.2205 0.4155 0.1687 0.5041 0.2254 0.3709 0.1281 0.0 1.0 0.0 0.0 0.0
0.1421 0.5732 0.2282 0.8914 0.2559 1.0195 0.2332 0.8855 0.2699 1.0219 0.2429 0.8737 0.1331 0.5130 1.0 0.0 0.0 0.0 0.0
1.1134 -0.0092 0.5369 0.0033 0.4412 0.0130 0.5368 0.0033 0.4387 0.0062 0.5298 0.0120 0.3928 0.0022 0.0 1.0 0.0 0.0 0.0
1.1107 -0.0065 0.7063 0.1046 0.5799 0.0737 0.6949 0.1180 0.5620 0.0791 0.7045 0.1064 0.4860 0.0519 0.0 1.0 0.0 0.0 0.0
0.0130 0.3570 0.2129 0.4737 0.3374 0.4682 -0.0062 1.7391 -0.0065 0.0077 0.0016 -0.0018 0.1177 0.2683 0.0 0.0 1.0 0.0 0.0
0.2130 0.0372 0.5251 0.0385 0.6497 0.0329 1.7375 -0.0067 -0.0000 0.0001 -0.0037 0.0043 0.2897 0.0202 0.0 0.0 1.0 0.0 0.0
0.5816 0.5246 0.2981 0.4364 0.2663 0.3317 0.3014 0.4329 0.2602 0.3262 0.3008 0.4335 0.2377 0.2635 0.0 1.0 0.0 0.0 0.0
0.4127 0.5074 0.6443 0.7976 0.7338 0.9078 0.6487 0.7923 0.7443 0.9210 0.6371 0.8065 0.3674 0.4659 1.0 0.0 0.0 0.0 0.0
0.2515 0.4010 0.5539 0.4136 0.6871 0.3981 1.7254 0.0080 -0.0001 2.0004 0.0006 -0.0007 0.3075 0.2565 0.0 0.0 1.0 0.0 0.0
0.1033 0.5335 0.4231 0.5263 0.5386 0.5318 1.7423 -0.0120 0.0084 1.9902 -0.0076 0.0090 0.2227 0.3312 0.0 0.0 1.0 0.0 0.0
0.3773 0.7281 0.2108 0.5889 0.1846 0.4608 0.2137 0.5853 0.1795 0.4532 0.2139 0.5850 0.1730 0.3593 0.0 1.0 0.0 0.0 0.0
0.2382 0.8676 0.5613 0.9385 0.6694 0.9524 1.7290 0.0038 0.0143 1.9832 0.0075 1.7233 0.3046 0.5707 0.0 0.0 1.0 0.0 0.0
0.0605 1.0461 0.0333 0.6217 0.0325 0.5076 0.0397 0.6139 0.0374 0.4915 0.0459 0.6063 0.0347 0.4245 0.0 1.0 0.0 0.0 0.0
0.0046 0.5147 0.0716 0.7615 0.1895 0.7637 -0.0042 1.7371 -0.0011 0.0013 -0.0015 0.0020 0.0533 0.4259 0.0 0.0 1.0 0.0 0.0
1.0972 0.0099 0.3981 1.3354 0.3348 0.7264 0.4031 1.3289 0.3451 0.6821 0.4012 1.3314 0.3090 0.4552 0.0 1.0 0.0 0.0 0.0
0.1762 0.7205 0.4928 0.7165 0.6107 0.7191 1.7352 -0.0040 0.0039 1.9954 0.0073 -0.0089 0.2660 0.4484 0.0 0.0 1.0 0.0 0.0
0.2890 0.8167 0.1702 0.4403 0.1425 0.3655 0.1712 0.4392 0.1369 0.3624 0.1703 0.4406 0.1387 0.2972 0.0 1.0 0.0 0.0 0.0
0.1670 0.9352 0.0947 0.6508 0.0714 0.5379 0.0898 0.6564 0.0795 0.5157 0.0853 0.6618 0.0777 0.4290 0.0 1.0 0.0 0.0 0.0
0.0021 0.7388 0.0039 1.0499 0.1062 1.0676 0.0005 1.7311 0.0016 1.9984 -0.0022 0.0029 0.0238 0.5955 0.0 0.0 1.0 0.0 0.0
0.0003 0.3552 0.2822 0.3876 0.4026 0.3876 0.0012 1.7307 0.0038 -0.0046 0.0007 -0.0006 0.1526 0.2228 0.0 0.0 1.0 0.0 0.0
0.8231 0.2847 0.3667 1.3665 0.3243 0.8360 0.3682 1.3644 0.3062 0.8183 0.3798 1.3507 0.2873 0.5207 0.0 1.0 0.0 0.0 0.0
0.0329 0.7209 0.3482 0.7182 0.4712 0.7148 -0.0031 1.7358 -0.0019 2.0029 0.0036 -0.0044 0.1862 0.4405 0.0 0.0 1.0 0.0 0.0
0.1096 0.0493 0.4219 0.0501 0.5405 0.0521 1.7282 0.0048 0.0066 -0.0079 0.0008 -0.0009 0.2270 0.0289 0.0 0.0 1.0 0.0 0.0
0.7108 0.3951 1.0227 0.4024 1.1465 0.3971 1.7387 -0.0074 1.9965 0.0042 0.0007 1.7311 0.6011 0.2349 0.0 0.0 1.0 0.0 0.0
0.3248 0.4072 0.6490 0.3945 0.7617 0.4028 1.7303 0.0024 0.0034 1.9962 0.0037 -0.0043 0.3610 0.2517 0.0 0.0 1.0 0.0 0.0
1.0939 0.0137 0.9713 0.7618 0.7698 0.8531 0.9728 0.7601 0.7393 0.7804 0.9778 0.7544 0.6075 0.3345 0.0 1.0 0.0 0.0 0.0
0.6992 0.0612 1.0922 0.0992 1.2460 0.1097 1.0921 0.0998 1.2608 0.1155 1.1029 0.0868 0.6320 0.0558 1.0 0.0 0.0 0.0 0.0
0.3379 0.7102 0.6519 0.7094 0.7794 0.7004 1.7378 -0.0063 0.0035 1.9958 -0.0010 0.0011 0.3636 0.4383 0.0 0.0 1.0 0.0 0.0
0.7155 0.2470 1.0405 0.2330 1.1478 0.2484 1.7381 -0.0069 2.0117 -0.0140 -0.0051 0.0062 0.6039 0.1495 0.0 0.0 1.0 0.0 0.0
0.6104 0.4957 0.3139 0.0933 0.2798 0.0643 0.3029 0.1066 0.2630 0.0776 0.3053 0.1037 0.2451 0.0666 0.0 1.0 0.0 0.0 0.0
1.1057 -0.0008 0.7039 1.0275 0.5746 0.7713 0.6960 1.0362 0.5638 0.7268 0.6862 1.0475 0.4825 0.3918 0.0 1.0 0.0 0.0 0.0
0.5605 0.1380 0.8741 0.2215 0.9991 0.2477 0.8720 0.2243 1.0151 0.2494 0.8745 0.2212 0.5065 0.1259 1.0 0.0 0.0 0.0 0.0
0.6065 0.2190 0.9196 0.2191 1.0285 0.2324 1.7368 -0.0058 1.9932 0.0085 0.0003 -0.0004 0.5346 0.1369 0.0 0.0 1.0 0.0 0.0
0.3710 0.7330 0.6799 0.7527 0.7915 0.7615 1.7292 0.0031 -0.0022 2.0030 -0.0017 1.7338 0.3787 0.4620 0.0 0.0 1.0 0.0 0.0
0.0002 1.0638 0.0376 1.3401 0.1593 1.3379 0.0061 1.7251 0.0014 1.9984 -0.0071 1.7404 0.0419 0.7689 0.0 0.0 1.0 0.0 0.0
0.2779 0.3057 0.4272 0.4886 0.4932 0.5485 0.4380 0.4759 0.4963 0.5608 0.4286 0.4871 0.2505 0.2775 1.0 0.0 0.0 0.0 0.0
0.3022 0.3398 0.4870 0.5167 0.5475 0.5957 0.4825 0.5217 0.5492 0.6115 0.4930 0.5091 0.2792 0.3003 1.0 0.0 0.0 0.0 0.0
-0.0005 0.4366 0.0148 0.7348 0.1374 0.7315 0.0004 1.7313 -0.0032 0.0039 -0.0029 0.0036 0.0343 0.3915 0.0 0.0 1.0 0.0 0.0
0.4755 0.2889 0.7679 0.4243 0.8716 0.4867 0.7656 0.4274 0.8819 0.4959 0.7582 0.4361 0.4402 0.2487 1.0 0.0 0.0 0.0 0.0
0.3841 0.5202 0.6035 0.8124 0.6916 0.9203 0.6002 0.8165 0.6969 0.9379 0.6056 0.8103 0.3489 0.4685 1.0 0.0 0.0 0.0 0.0
0.2983 0.8077 0.6089 0.8126 0.7298 0.8116 1.7304 0.0017 -0.0050 2.0057 -0.0021 1.7343 0.3418 0.4921 0.0 0.0 1.0 0.0 0.0
0.6025 0.5024 0.3081 0.1763 0.2610 0.1474 0.3039 0.1812 0.2585 0.1427 0.3023 0.1829 0.2415 0.1196 0.0 1.0 0.0 0.0 0.0
0.3762 0.4574 0.6966 0.4490 0.8162 0.4497 1.7351 -0.0040 -0.0063 2.0074 -0.0024 0.0028 0.3906 0.2853 0.0 0.0 1.0 0.0 0.0
0.3396 0.7648 0.1877 0.8161 0.1603 0.6212 0.1911 0.8121 0.1627 0.5997 0.1902 0.8133 0.1561 0.4611 0.0 1.0 0.0 0.0 0.0
0.4214 0.5843 0.6616 0.9139 0.7562 1.0373 0.6460 0.9329 0.7525 1.0689 0.6575 0.9186 0.3785 0.5319 1.0 0.0 0.0 0.0 0.0
0.3853 0.3959 0.5972 0.6281 0.6833 0.7112 0.6015 0.6229 0.6948 0.7191 0.6005 0.6243 0.3469 0.3601 1.0 0.0 0.0 0.0 0.0
0.3557 0.4755 0.6671 0.4777 0.7938 0.4696 1.7333 -0.0020 -0.0048 2.0058 -0.0006 0.0007 0.3743 0.3009 0.0 0.0 1.0 0.0 0.0
1.1075 -0.0020 0.8460 0.4015 0.6732 0.2394 0.8408 0.4075 0.6690 0.2183 0.8374 0.4117 0.5524 0.1390 0.0 1.0 0.0 0.0 0.0
0.1382 0.4659 0.4405 0.4787 0.5725 0.4643 1.7412 -0.0110 -0.0046 2.0054 0.0004 -0.0007 0.2414 0.2917 0.0 0.0 1.0 0.0 0.0
1.1117 -0.0069 0.6265 0.2094 0.5184 0.1527 0.6294 0.2058 0.5066 0.1510 0.6264 0.2095 0.4454 0.1036 0.0 1.0 0.0 0.0 0.0
0.0326 0.3970 0.0487 0.6255 0.0497 0.7190 0.0518 0.6218 0.0480 0.7318 0.0472 0.6273 0.0274 0.3619 1.0 0.0 0.0 0.0 0.0
1.1106 -0.0060 0.4365 1.2959 0.3779 0.8147 0.4401 1.2914 0.3594 0.7949 0.4364 1.2958 0.3311 0.4898 0.0 1.0 0.0 0.0 0.0
1.1112 -0.0068 0.5914 1.1397 0.4918 0.8719 0.5807 1.1519 0.4766 0.8309 0.5855 1.1468 0.4216 0.4585 0.0 1.0 0.0 0.0 0.0
0.3607 0.3489 0.5670 0.5445 0.6506 0.6139 0.5684 0.5425 0.6569 0.6257 0.5723 0.5381 0.3286 0.3128 1.0 0.0 0.0 0.0 0.0
0.4437 0.0556 0.7494 0.0649 0.8662 0.0683 1.7214 0.0123 0.0078 -0.0094 0.0080 -0.0093 0.4282 0.0383 0.0 0.0 1.0 0.0 0.0
0.2118 0.6619 0.5329 0.6531 0.6514 0.6546 1.7389 -0.0080 -0.0037 2.0041 -0.0055 0.0064 0.2870 0.4140 0.0 0.0 1.0 0.0 0.0
0.1620 0.5994 0.4710 0.6040 0.5883 0.6070 1.7392 -0.0084 0.0052 1.9941 0.0010 -0.0009 0.2555 0.3765 0.0 0.0 1.0 0.0 0.0
1.1091 -0.0043 1.7232 0.0104 1.2507 0.5080 1.7357 -0.0046 1.2235 0.3782 1.7444 -0.0152 0.8451 0.1156 0.0 1.0 0.0 0.0 0.0
0.5319 0.3292 0.8330 0.5169 0.9468 0.5907 0.8402 0.5081 0.9662 0.5915 0.8307 0.5198 0.4822 0.2969 1.0 0.0 0.0 0.0 0.0
0.0844 0.6281 0.4006 0.6247 0.5165 0.6298 1.7296 0.0028 0.0018 1.9976 0.0033 -0.0039 0.2134 0.3879 0.0 0.0 1.0 0.0 0.0
0.5117 0.4704 0.8224 0.4731 0.9361 0.4807 1.7406 -0.0099 0.0048 1.9936 0.0033 -0.0041 0.4726 0.2920 0.0 0.0 1.0 0.0 0.0
1.1031 0.0033 0.8753 0.6227 0.6971 0.3039 0.8762 0.6217 0.6816 0.2915 0.8734 0.6249 0.5663 0.1701 0.0 1.0 0.0 0.0 0.0
0.3003 0.8055 0.6164 0.8920 0.7322 0.8966 1.7348 -0.0034 0.0044 1.9946 -0.0060 1.7395 0.3418 0.5371 0.0 0.0 1.0 0.0 0.0
1.1028 0.0031 0.5436 1.1905 0.4673 0.5776 0.5623 1.1688 0.4652 0.5485 0.5653 1.1649 0.4050 0.3526 0.0 1.0 0.0 0.0 0.0
1.1061 -0.0006 0.9913 0.7402 0.7697 0.6623 0.9985 0.7317 0.7565 0.6086 1.0012 0.7286 0.6118 0.2876 0.0 1.0 0.0 0.0 0.0
0.8602 0.2445 0.3740 1.3586 0.3318 0.9095 0.3780 1.3539 0.3093 0.8902 0.3744 1.3579 0.2900 0.5495 0.0 1.0 0.0 0.0 0.0
0.3413 0.7385 0.6541 0.7381 0.7860 0.7246 1.7282 0.0047 0.0112 1.9870 0.0122 1.7180 0.3700 0.4486 0.0 0.0 1.0 0.0 0.0
0.2378 0.3903 0.3831 0.5985 0.4412 0.6758 0.3800 0.6020 0.4453 0.6880 0.3738 0.6092 0.2197 0.3473 1.0 0.0 0.0 0.0 0.0
1.1162 -0.0125 0.6941 0.6971 0.5618 0.4093 0.7035 0.6864 0.5550 0.3892 0.6889 0.7035 0.4795 0.2416 0.0 1.0 0.0 0.0 0.0
0.3048 0.4558 0.6182 0.4558 0.7533 0.4378 1.7342 -0.0029 0.0072 1.9912 0.0009 -0.0012 0.3466 0.2843 0.0 0.0 1.0 0.0 0.0
1.1091 -0.0041 0.6196 0.3753 0.5145 0.2609 0.6203 0.3745 0.5037 0.2540 0.6246 0.3698 0.4427 0.1713 0.0 1.0 0.0 0.0 0.0
0.8819 0.1774 1.1832 0.1915 1.3019 0.1930 1.7272 0.0058 2.0006 -0.0010 0.0051 1.7262 0.7039 0.1046 0.0 0.0 1.0 0.0 0.0
0.4922 0.0195 0.7734 0.0284 0.8857 0.0258 0.7719 0.0298 0.8843 0.0431 0.7688 0.0336 0.4452 0.0178 1.0 0.0 0.0 0.0 0.0
1.1048 0.0011 0.9591 0.5041 0.7592 0.2307 0.9560 0.5080 0.7348 0.2297 0.9535 0.5111 0.5988 0.1333 0.0 1.0 0.0 0.0 0.0
1.1180 -0.0147 0.9606 0.7720 0.7561 0.8874 0.9679 0.7636 0.7376 0.7941 0.9590 0.7743 0.6033 0.3419 0.0 1.0 0.0 0.0 0.0
0.4140 0.3611 0.6497 0.5643 0.7309 0.6528 0.6490 0.5653 0.7555 0.6455 0.6489 0.5654 0.3734 0.3280 1.0 0.0 0.0 0.0 0.0
0.4535 0.6527 0.7719 0.7625 0.8871 0.7680 1.7297 0.0032 -0.0036 2.0045 0.0077 1.7232 0.4398 0.4516 0.0 0.0 1.0 0.0 0.0
1.1104 -0.0057 0.6304 0.4382 0.5135 0.3070 0.6191 0.4513 0.5093 0.2910 0.6245 0.4450 0.4447 0.1954 0.0 1.0 0.0 0.0 0.0
1.1125 -0.0084 0.9334 0.3811 0.7384 0.2026 0.9399 0.3737 0.7269 0.1886 0.9385 0.3753 0.5929 0.1133 0.0 1.0 0.0 0.0 0.0
1.0950 0.0125 0.8433 0.7197 0.6762 0.3381 0.8404 0.7238 0.6517 0.3358 0.8395 0.7241 0.5517 0.1912 0.0 1.0 0.0 0.0 0.0
0.3936 0.7132 0.2320 0.6504 0.1929 0.5107 0.2253 0.6581 0.1914 0.4972 0.2295 0.6536 0.1807 0.3895 0.0 1.0 0.0 0.0 0.0
0.4399 0.2936 0.6983 0.4493 0.7912 0.5162 0.6905 0.4586 0.8005 0.5258 0.6944 0.4539 0.3991 0.2641 1.0 0.0 0.0 0.0 0.0
0.2376 0.4079 0.5516 0.4065 0.6637 0.4160 1.7183 0.0169 -0.0081 2.0094 -0.0013 0.0014 0.3038 0.2547 0.0 0.0 1.0 0.0 0.0
0.4991 0.1712 0.7828 0.2671 0.8826 0.3142 0.7748 0.2767 0.8866 0.3286 0.7732 0.2783 0.4490 0.1577 1.0 0.0 0.0 0.0 0.0
-0.0031 0.0040 0.0384 0.0333 0.1587 0.0330 0.0025 -0.0029 -0.0023 0.0027 0.0004 -0.0005 0.0422 0.0119 0.0 0.0 1.0 0.0 0.0
0.2716 0.3449 0.4274 0.5388 0.4935 0.6050 0.4360 0.5283 0.5115 0.6006 0.4387 0.5251 0.2522 0.3045 1.0 0.0 0.0 0.0 0.0
0.0952 0.9146 0.4093 0.9139 0.5336 0.9088 1.7264 0.0062 0.0020 1.9976 -0.0036 0.0044 0.2199 0.5604 0.0 0.0 1.0 0.0 0.0
0.7025 0.0971 1.0936 0.1602 1.2594 0.1651 1.1019 0.1503 1.2687 0.1782 1.1020 0.1502 0.6385 0.0840 1.0 0.0 0.0 0.0 0.0
0.2938 0.8113 0.6049 1.1271 0.7137 1.2108 1.7296 0.0034 0.0104 1.9874 -0.0026 1.7346 0.3364 0.6540 0.0 0.0 1.0 0.0 0.0
0.4150 0.1831 0.6474 0.2910 0.7447 0.3217 0.6507 0.2866 0.7569 0.3246 0.6559 0.2807 0.3788 0.1619 1.0 0.0 0.0 0.0 0.0
0.9849 0.1219 0.3893 0.6416 0.3424 0.4533 0.4028 0.6260 0.3326 0.4451 0.3857 0.6464 0.3023 0.3247 0.0 1.0 0.0 0.0 0.0
0.2861 0.2517 0.4540 0.3875 0.5205 0.4367 0.4462 0.3968 0.5186 0.4544 0.4442 0.3993 0.2604 0.2257 1.0 0.0 0.0 0.0 0.0
0.3563 0.4297 0.5465 0.6867 0.6457 0.7539 0.5540 0.6781 0.6415 0.7809 0.5505 0.6820 0.3212 0.3899 1.0 0.0 0.0 0.0 0.0
0.4490 0.6571 0.2399 0.8012 0.2071 0.5963 0.2461 0.7933 0.2044 0.5802 0.2464 0.7931 0.1987 0.4313 0.0 1.0 0.0 0.0 0.0
0.4054 0.3787 0.6231 0.6073 0.7262 0.6720 0.6331 0.5955 0.7263 0.6932 0.6194 0.6120 0.3629 0.3469 1.0 0.0 0.0 0.0 0.0
1.0999 0.0066 0.7895 0.9401 0.6290 0.7943 0.7714 0.9615 0.6161 0.7412 0.7846 0.9464 0.5228 0.3740 0.0 1.0 0.0 0.0 0.0
0.4569 0.0750 0.7089 0.1254 0.8032 0.1470 0.7082 0.1258 0.8113 0.1530 0.7053 0.1297 0.4081 0.0736 1.0 0.0 0.0 0.0 0.0
0.0996 0.6268 0.3961 0.6464 0.5373 0.6220 1.7273 0.0049 -0.0106 2.0124 0.0021 -0.0025 0.2188 0.3918 0.0 0.0 1.0 0.0 0.0
0.2568 0.2391 0.4022 0.3748 0.4665 0.4166 0.4051 0.3712 0.4680 0.4284 0.4128 0.3621 0.2337 0.2146 1.0 0.0 0.0 0.0 0.0
-0.0003 0.5398 0.1926 0.6612 0.3133 0.6607 0.0052 1.7259 -0.0065 0.0077 0.0069 -0.0081 0.1096 0.3818 0.0 0.0 1.0 0.0 0.0
0.2339 0.4848 0.5397 0.4930 0.6664 0.4856 1.7311 0.0006 0.0008 1.9989 -0.0034 0.0040 0.2978 0.3076 0.0 0.0 1.0 0.0 0.0
1.1013 0.0050 0.4032 1.0204 0.3422 0.6382 0.4015 1.0225 0.3351 0.6188 0.4024 1.0218 0.3077 0.4186 0.0 1.0 0.0 0.0 0.0
0.6931 0.4139 1.0225 0.6701 1.1398 0.6734 1.7445 -0.0144 1.9926 0.0091 -0.0037 1.7363 0.5943 0.3639 0.0 0.0 1.0 0.0 0.0
0.2717 0.5655 0.5845 0.5660 0.6926 0.5798 1.7343 -0.0027 0.0027 1.9971 0.0041 -0.0049 0.3199 0.3593 0.0 0.0 1.0 0.0 0.0
0.6260 0.1997 0.9766 0.3182 1.1097 0.3648 0.9832 0.3098 1.1245 0.3712 0.9731 0.3220 0.5637 0.1839 1.0 0.0 0.0 0.0 0.0
1.1135 -0.0095 1.7259 0.0072 1.3349 0.0883 1.7320 -0.0002 1.2683 0.0924 1.7278 0.0049 0.8672 0.0303 0.0 1.0 0.0 0.0 0.0
0.1294 0.3978 0.2007 0.6258 0.2274 0.7135 0.2126 0.6116 0.2354 0.7182 0.2037 0.6217 0.1195 0.3568 1.0 0.0 0.0 0.0 0.0
0.6734 0.4317 0.9875 0.7300 1.1066 0.7314 1.7334 -0.0011 2.0110 -0.0127 0.0037 1.7279 0.5753 0.3913 0.0 0.0 1.0 0.0 0.0
0.4283 0.6051 0.6593 0.9620 0.7517 1.0943 0.6609 0.9602 0.7604 1.1117 0.6669 0.9528 0.3824 0.5532 1.0 0.0 0.0 0.0 0.0
0.4267 0.5833 0.7361 0.5878 0.8513 0.5934 1.7302 0.0024 0.0040 1.9948 -0.0026 0.0032 0.4195 0.3610 0.0 0.0 1.0 0.0 0.0
0.1219 0.5442 0.1930 0.8502 0.2167 0.9718 0.1917 0.8516 0.2197 0.9859 0.1934 0.8501 0.1109 0.4916 1.0 0.0 0.0 0.0 0.0
0.5679 0.5307 0.8867 0.8353 1.0250 0.9324 0.8953 0.8253 1.0370 0.9482 0.8960 0.8243 0.5157 0.4777 1.0 0.0 0.0 0.0 0.0
1.1037 0.0016 0.6971 1.0348 0.5765 0.9655 0.7033 1.0282 0.5636 0.8925 0.6974 1.0342 0.4824 0.4439 0.0 1.0 0.0 0.0 0.0
1.0980 0.0092 0.4548 0.5339 0.3804 0.3919 0.4498 0.5401 0.3793 0.3745 0.4518 0.5374 0.3405 0.2715 0.0 1.0 0.0 0.0 0.0
1.1118 -0.0078 1.2327 0.5011 0.9053 0.2927 1.2506 0.4796 0.8859 0.2704 1.2404 0.4917 0.6898 0.1323 0.0 1.0 0.0 0.0 0.0
0.0920 1.0129 0.0531 0.3486 0.0533 0.2868 0.0558 0.3451 0.0459 0.2897 0.0582 0.3423 0.0473 0.2599 0.0 1.0 0.0 0.0 0.0
0.5128 0.3514 0.8191 0.3599 0.9507 0.3461 1.7294 0.0033 0.0100 1.9879 -0.0069 0.0084 0.4737 0.2216 0.0 0.0 1.0 0.0 0.0
0.4193 0.6863 0.2375 0.9356 0.2071 0.6682 0.2262 0.9496 0.2000 0.6544 0.2300 0.9449 0.1877 0.4845 0.0 1.0 0.0 0.0 0.0
0.1604 0.9444 0.0942 0.4890 0.0812 0.4050 0.0941 0.4895 0.0846 0.3917 0.0890 0.4957 0.0802 0.3398 0.0 1.0 0.0 0.0 0.0
0.0416 0.8684 0.3509 0.8731 0.4706 0.8735 -0.0059 1.7396 0.0058 1.9934 -0.0004 0.0004 0.1868 0.5361 0.0 0.0 1.0 0.0 0.0
1.1058 -0.0002 0.5875 0.3315 0.4928 0.2333 0.5905 0.3278 0.4698 0.2434 0.5933 0.3244 0.4220 0.1627 0.0 1.0 0.0 0.0 0.0
0.2820 0.6833 0.4416 1.0713 0.5001 1.2222 0.4485 1.0630 0.5229 1.2214 0.4317 1.0826 0.2576 0.6151 1.0 0.0 0.0 0.0 0.0
1.1040 0.0019 0.9806 0.3240 0.7684 0.1679 0.9775 0.3281 0.7444 0.1687 0.9755 0.3305 0.6070 0.0975 0.0 1.0 0.0 0.0 0.0
0.8150 0.2067 1.2715 0.3306 1.4424 0.3826 1.2724 0.3291 1.4546 0.3977 1.2745 0.3268 0.7327 0.1926 1.0 0.0 0.0 0.0 0.0
0.1967 0.2915 0.3233 0.4384 0.3546 0.5157 0.3114 0.4530 0.3537 0.5295 0.3060 0.4591 0.1795 0.2617 1.0 0.0 0.0 0.0 0.0
0.1554 0.6871 0.2385 1.0831 0.2764 1.2272 0.2430 1.0778 0.2773 1.2484 0.2402 1.0812 0.1379 0.6251 1.0 0.0 0.0 0.0 0.0
0.2725 0.4798 0.4233 0.7558 0.4800 0.8630 0.4156 0.7651 0.4831 0.8796 0.4093 0.7728 0.2410 0.4404 1.0 0.0 0.0 0.0 0.0
0.0322 1.0737 0.0191 0.9584 0.0243 0.7389 0.0205 0.9570 0.0165 0.7313 0.0163 0.9624 0.0179 0.5898 0.0 1.0 0.0 0.0 0.0
0.7563 0.3495 1.0758 0.6495 1.1817 0.6667 1.7248 0.0082 2.0025 -0.0029 -0.0075 1.7404 0.6297 0.3397 0.0 0.0 1.0 0.0 0.0
0.0974 0.3434 0.1644 0.5235 0.1770 0.6083 0.1483 0.5430 0.1823 0.6134 0.1483 0.5429 0.0893 0.3091 1.0 0.0 0.0 0.0 0.0
0.6298 0.0047 0.9661 0.0317 1.1099 0.0248 0.9751 0.0209 1.1233 0.0276 0.9699 0.0274 0.5623 0.0131 1.0 0.0 0.0 0.0 0.0
0.7429 0.2897 1.1569 0.4618 1.3338 0.5061 1.1630 0.4541 1.3279 0.5429 1.1532 0.4661 0.6699 0.2643 1.0 0.0 0.0 0.0 0.0
0.0151 0.5300 0.0151 0.2698 0.0132 0.2317 0.0132 0.2720 0.0104 0.2309 0.0048 0.2819 0.0105 0.2163 0.0 1.0 0.0 0.0 0.0
0.4886 0.4469 0.7638 0.7021 0.8572 0.8139 0.7684 0.6969 0.8794 0.8140 0.7661 0.6997 0.4420 0.4042 1.0 0.0 0.0 0.0 0.0
0.4350 0.1166 0.6915 0.1703 0.7823 0.1998 0.6863 0.1765 0.8008 0.1941 0.6929 0.1689 0.3982 0.0996 1.0 0.0 0.0 0.0 0.0
0.4002 0.3598 0.6177 0.5744 0.7176 0.6371 0.6229 0.5681 0.7167 0.6590 0.6292 0.5612 0.3595 0.3282 1.0 0.0 0.0 0.0 0.0
0.6122 0.2884 0.9541 0.4581 1.0836 0.5246 0.9461 0.4671 1.0956 0.5359 0.9458 0.4676 0.5501 0.2654 1.0 0.0 0.0 0.0 0.0
1.1038 0.0018 0.6047 1.1270 0.4997 0.8208 0.6097 1.1211 0.4912 0.7767 0.6122 1.1185 0.4312 0.4348 0.0 1.0 0.0 0.0 0.0
1.0964 0.0109 0.8131 0.9185 0.6574 0.5800 0.8246 0.9049 0.6459 0.5466 0.8169 0.9139 0.5383 0.2993 0.0 1.0 0.0 0.0 0.0
0.6972 0.4063 0.3242 1.0333 0.2857 0.6712 0.3326 1.0235 0.2825 0.6491 0.3283 1.0283 0.2620 0.4525 0.0 1.0 0.0 0.0 0.0
0.5110 0.5936 0.8328 0.8093 0.9483 0.8147 1.7339 -0.0021 -0.0060 2.0066 0.0007 1.7307 0.4703 0.4693 0.0 0.0 1.0 0.0 0.0
0.0076 0.3850 0.0039 0.7029 0.0481 0.7784 0.0054 1.7255 -0.0008 0.0009 -0.0014 0.0017 0.0082 0.3913 0.0 0.0 1.0 0.0 0.0
0.6204 0.2578 0.9722 0.4034 1.1136 0.4515 0.9701 0.4062 1.1327 0.4545 0.9734 0.4018 0.5642 0.2296 1.0 0.0 0.0 0.0 0.0
0.3618 0.4147 0.6715 0.4188 0.7845 0.4273 1.7257 0.0078 0.0097 1.9889 0.0048 -0.0060 0.3757 0.2662 0.0 0.0 1.0 0.0 0.0
0.0249 0.4946 0.3389 0.4941 0.4564 0.4967 -0.0042 1.7371 0.0004 -0.0007 -0.0064 0.0076 0.1797 0.2993 0.0 0.0 1.0 0.0 0.0
0.2113 0.5377 0.5254 0.5368 0.6357 0.5484 1.7318 0.0003 -0.0005 2.0012 0.0041 -0.0051 0.2835 0.3415 0.0 0.0 1.0 0.0 0.0
0.3967 0.4686 0.6294 0.7255 0.7144 0.8292 0.6222 0.7342 0.7213 0.8442 0.6212 0.7353 0.3585 0.4247 1.0 0.0 0.0 0.0 0.0
0.2236 0.8823 0.1313 0.4493 0.1073 0.3779 0.1372 0.4425 0.1137 0.3613 0.1361 0.4436 0.1118 0.3065 0.0 1.0 0.0 0.0 0.0
0.4772 0.6279 0.2626 1.4689 0.2236 1.6690 0.2621 1.4692 0.2277 1.4274 0.2631 1.4679 0.2067 0.7640 0.0 1.0 0.0 0.0 0.0
0.5948 0.5095 0.2974 1.0049 0.2631 0.6721 0.3082 0.9926 0.2507 0.6618 0.3098 0.9907 0.2388 0.4650 0.0 1.0 0.0 0.0 0.0
1.1108 -0.0066 0.4263 0.6479 0.3570 0.4664 0.4271 0.6463 0.3594 0.4426 0.4225 0.6524 0.3253 0.3163 0.0 1.0 0.0 0.0 0.0
0.0761 0.3752 0.1260 0.5794 0.1392 0.6653 0.1217 0.5848 0.1488 0.6651 0.1191 0.5879 0.0723 0.3351 1.0 0.0 0.0 0.0 0.0
0.0074 0.4227 0.2773 0.4670 0.4019 0.4617 0.0028 1.7288 -0.0047 0.0057 0.0014 -0.0016 0.1473 0.2757 0.0 0.0 1.0 0.0 0.0
0.2008 0.7311 0.5114 0.7339 0.6180 0.7502 1.7398 -0.0089 -0.0100 2.0118 0.0001 -0.0000 0.2773 0.4589 0.0 0.0 1.0 0.0 0.0
0.5238 0.5827 0.2749 0.3093 0.2401 0.2459 0.2806 0.3022 0.2330 0.2445 0.2764 0.3073 0.2228 0.1972 0.0 1.0 0.0 0.0 0.0
0.7141 0.3917 0.3426 0.4283 0.3095 0.3129 0.3506 0.4189 0.2872 0.3261 0.3513 0.4184 0.2679 0.2511 0.0 1.0 0.0 0.0 0.0
0.1762 0.5591 0.4884 0.5604 0.6149 0.5527 1.7322 -0.0009 -0.0024 2.0032 0.0014 -0.0016 0.2667 0.3489 0.0 0.0 1.0 0.0 0.0
-0.0002 0.9448 0.0062 1.2514 0.1196 1.2594 -0.0031 1.7357 0.0003 1.9998 0.0026 -0.0033 0.0304 0.7125 0.0 0.0 1.0 0.0 0.0
0.4273 0.5674 0.6574 0.9032 0.7386 1.0400 0.6578 0.9026 0.7567 1.0456 0.6541 0.9067 0.3783 0.5229 1.0 0.0 0.0 0.0 0.0
1.1024 0.0036 0.7706 0.9654 0.6414 0.7040 0.7930 0.9387 0.6193 0.6729 0.7885 0.9443 0.5286 0.3456 0.0 1.0 0.0 0.0 0.0
0.1335 0.1239 0.1982 0.2071 0.2348 0.2248 0.2125 0.1901 0.2419 0.2232 0.2057 0.1979 0.1194 0.1137 1.0 0.0 0.0 0.0 0.0
0.0001 0.4393 0.2698 0.4836 0.3955 0.4766 -0.0072 1.7404 0.0062 -0.0075 0.0040 -0.0047 0.1455 0.2825 0.0 0.0 1.0 0.0 0.0
1.0999 0.0069 0.6259 1.1073 0.5262 0.5842 0.6288 1.1042 0.5137 0.5627 0.6381 1.0929 0.4484 0.3382 0.0 1.0 0.0 0.0 0.0
0.2807 0.5752 0.6017 0.5661 0.7162 0.5726 1.7291 0.0029 0.0023 1.9977 -0.0055 0.0067 0.3312 0.3584 0.0 0.0 1.0 0.0 0.0
0.0056 0.3291 0.3025 0.3470 0.4335 0.3337 0.0107 1.7192 -0.0011 0.0014 0.0041 -0.0050 0.1625 0.2003 0.0 0.0 1.0 0.0 0.0
0.3169 0.1515 0.6357 0.1449 0.7581 0.1421 1.7333 -0.0017 -0.0039 0.0048 0.0028 -0.0034 0.3554 0.0901 0.0 0.0 1.0 0.0 0.0
1.1065 -0.0007 0.7558 0.4795 0.6158 0.2904 0.7580 0.4767 0.5996 0.2846 0.7600 0.4741 0.5131 0.1751 0.0 1.0 0.0 0.0 0.0
0.5325 0.5429 0.8296 0.8561 0.9489 0.9700 0.8257 0.8606 0.9560 0.9908 0.8392 0.8448 0.4800 0.4931 1.0 0.0 0.0 0.0 0.0
1.1069 -0.0013 0.5693 0.1804 0.4784 0.1310 0.5626 0.1883 0.4694 0.1282 0.5642 0.1862 0.4112 0.0976 0.0 1.0 0.0 0.0 0.0
0.3301 0.1563 0.6506 0.1471 0.7515 0.1701 1.7328 -0.0004 -0.0035 0.0040 -0.0040 0.0048 0.3607 0.0966 0.0 0.0 1.0 0.0 0.0
0.5571 0.5479 0.2840 0.7894 0.2488 0.5726 0.2911 0.7813 0.2418 0.5609 0.2875 0.7855 0.2293 0.4120 0.0 1.0 0.0 0.0 0.0
0.0101 0.5378 0.0023 0.8602 0.0279 0.9559 0.0009 1.7309 0.0011 -0.0014 0.0038 -0.0047 0.0059 0.4923 0.0 0.0 1.0 0.0 0.0
-0.0032 0.9433 -0.0072 1.2611 0.0535 1.3190 -0.0013 1.7338 -0.0027 2.0030 -0.0011 0.0013 0.0099 0.7299 0.0 0.0 1.0 0.0 0.0
0.4322 0.5964 0.6717 0.9408 0.7610 1.0752 0.6700 0.9429 0.7694 1.0934 0.6616 0.9524 0.3863 0.5448 1.0 0.0 0.0 0.0 0.0
0.9234 0.1471 1.4416 0.2363 1.6499 0.2591 1.4443 0.2336 1.6633 0.2746 1.4456 0.2321 0.8348 0.1336 1.0 0.0 0.0 0.0 0.0
1.1038 0.0017 0.6313 0.1414 0.5207 0.1069 0.6295 0.1432 0.5136 0.1007 0.6321 0.1405 0.4454 0.0748 0.0 1.0 0.0 0.0 0.0
0.4159 0.1025 0.7268 0.1053 0.8449 0.1071 1.7225 0.0111 -0.0058 0.0070 0.0081 -0.0096 0.4110 0.0675 0.0 0.0 1.0 0.0 0.0
0.3220 0.3322 0.4904 0.5371 0.5698 0.5976 0.5055 0.5191 0.5835 0.5995 0.4931 0.5340 0.2885 0.3037 1.0 0.0 0.0 0.0 0.0
0.0918 0.7353 0.4158 0.7226 0.5267 0.7342 1.7324 -0.0001 0.0040 1.9947 0.0017 -0.0020 0.2176 0.4548 0.0 0.0 1.0 0.0 0.0
0.1894 0.9165 0.1131 0.2904 0.1005 0.2421 0.1145 0.2890 0.0970 0.2405 0.1120 0.2920 0.0964 0.2122 0.0 1.0 0.0 0.0 0.0
0.0025 0.8536 -0.0012 1.1714 0.1079 1.1819 0.0005 1.7316 -0.0041 2.0043 0.0010 -0.0012 0.0240 0.6667 0.0 0.0 1.0 0.0 0.0
1.1043 0.0017 0.8878 0.2543 0.7250 0.1315 0.8930 0.2482 0.6964 0.1417 0.8914 0.2503 0.5740 0.0888 0.0 1.0 0.0 0.0 0.0
0.2017 0.4634 0.5124 0.4658 0.6368 0.4607 1.7248 0.0086 -0.0030 2.0039 0.0037 -0.0046 0.2798 0.2917 0.0 0.0 1.0 0.0 0.0
1.1062 -0.0011 0.4592 1.0414 0.3765 0.6257 0.4497 1.0531 0.3777 0.5955 0.4461 1.0569 0.3401 0.3967 0.0 1.0 0.0 0.0 0.0
1.1000 0.0063 0.6137 1.1189 0.5174 0.6720 0.6157 1.1164 0.5005 0.6498 0.6178 1.1134 0.4384 0.3812 0.0 1.0 0.0 0.0 0.0
0.2737 0.5610 0.5818 0.5675 0.7041 0.5644 1.7247 0.0088 -0.0024 2.0029 -0.0026 0.0032 0.3233 0.3541 0.0 0.0 1.0 0.0 0.0
0.4613 0.1457 0.7226 0.2284 0.8269 0.2547 0.7258 0.2247 0.8354 0.2630 0.7263 0.2243 0.4180 0.1310 1.0 0.0 0.0 0.0 0.0
0.3727 0.2528 0.5976 0.3794 0.6812 0.4314 0.5938 0.3840 0.6867 0.4420 0.5978 0.3791 0.3447 0.2195 1.0 0.0 0.0 0.0 0.0
0.4162 0.5213 0.6463 0.8232 0.7236 0.9524 0.6389 0.8318 0.7450 0.9526 0.6458 0.8250 0.3675 0.4821 1.0 0.0 0.0 0.0 0.0
0.4849 0.5339 0.7658 0.8278 0.8750 0.9392 0.7712 0.8221 0.8839 0.9566 0.7693 0.8242 0.4421 0.4783 1.0 0.0 0.0 0.0 0.0
0.5344 0.4433 0.8232 0.7104 0.9473 0.7976 0.8237 0.7100 0.9662 0.8022 0.8260 0.7076 0.4793 0.4057 1.0 0.0 0.0 0.0 0.0
0.0029 0.2840 -0.0009 0.6024 0.0639 0.6583 0.0059 1.7257 0.0055 -0.0065 -0.0062 0.0073 0.0139 0.3194 0.0 0.0 1.0 0.0 0.0
0.5451 0.3400 0.8624 0.5224 0.9908 0.5840 0.8554 0.5307 0.9970 0.6018 0.8576 0.5275 0.4974 0.3022 1.0 0.0 0.0 0.0 0.0
0.8986 0.2085 1.2057 0.4155 1.3352 0.4047 1.7272 0.0056 2.0028 -0.0033 0.0032 1.7286 0.7208 0.2083 0.0 0.0 1.0 0.0 0.0
0.4967 0.0724 0.8084 0.0748 0.9191 0.0855 1.7360 -0.0047 0.0042 1.9948 -0.0026 0.0032 0.4636 0.0470 0.0 0.0 1.0 0.0 0.0
0.2849 0.4259 0.5904 0.4349 0.7117 0.4333 1.7275 0.0050 -0.0006 2.0006 0.0013 -0.0013 0.3287 0.2720 0.0 0.0 1.0 0.0 0.0
1.1021 0.0040 0.4433 0.2529 0.3718 0.2004 0.4304 0.2682 0.3660 0.1947 0.4327 0.2656 0.3309 0.1516 0.0 1.0 0.0 0.0 0.0
0.2697 0.4407 0.5887 0.4342 0.7095 0.4331 1.7346 -0.0030 0.0067 1.9928 -0.0077 0.0092 0.3250 0.2745 0.0 0.0 1.0 0.0 0.0
0.5624 0.1848 0.8845 0.2856 1.0075 0.3246 0.8861 0.2840 1.0160 0.3362 0.8860 0.2841 0.5093 0.1665 1.0 0.0 0.0 0.0 0.0
1.1012 0.0058 0.5227 0.1129 0.4247 0.1038 0.5064 0.1326 0.4229 0.0946 0.5128 0.1248 0.3779 0.0728 0.0 1.0 0.0 0.0 0.0
1.1061 -0.0007 0.4694 0.7177 0.3949 0.4881 0.4711 0.7154 0.3936 0.4669 0.4688 0.7181 0.3512 0.3245 0.0 1.0 0.0 0.0 0.0
0.0645 0.7810 0.3722 0.7878 0.4865 0.7942 1.7344 -0.0031 0.0041 1.9952 0.0047 -0.0055 0.1973 0.4874 0.0 0.0 1.0 0.0 0.0
1.1015 0.0046 0.5466 0.5933 0.4397 0.4216 0.5320 0.6107 0.4413 0.3974 0.5294 0.6136 0.3899 0.2733 0.0 1.0 0.0 0.0 0.0
0.2185 0.7892 0.1326 0.2620 0.1143 0.2220 0.1368 0.2573 0.1082 0.2231 0.1373 0.2563 0.1094 0.1937 0.0 1.0 0.0 0.0 0.0
1.1158 -0.0123 0.4790 0.8258 0.3974 0.5401 0.4691 0.8371 0.3945 0.5183 0.4669 0.8396 0.3544 0.3501 0.0 1.0 0.0 0.0 0.0
-0.0009 0.8865 0.0152 1.1839 0.1407 1.1778 0.0015 1.7302 0.0025 1.9972 0.0022 -0.0027 0.0349 0.6729 0.0 0.0 1.0 0.0 0.0
0.3930 0.4665 0.6212 0.7241 0.7042 0.8280 0.6101 0.7372 0.7143 0.8398 0.6265 0.7179 0.3595 0.4172 1.0 0.0 0.0 0.0 0.0
0.4874 0.6186 0.2573 1.4759 0.2212 1.3649 0.2635 1.4688 0.2198 1.2700 0.2618 1.4712 0.2111 0.7236 0.0 1.0 0.0 0.0 0.0
0.4011 0.5707 0.6621 0.8541 0.7380 0.9917 0.6415 0.8787 0.7476 1.0068 0.6498 0.8690 0.3745 0.5025 1.0 0.0 0.0 0.0 0.0
0.1531 0.9523 0.4676 1.1429 0.5908 1.1394 1.7316 0.0009 -0.0032 2.0044 0.0133 1.7166 0.2525 0.6731 0.0 0.0 1.0 0.0 0.0
1.1085 -0.0034 0.5855 1.1463 0.4879 0.5990 0.5843 1.1479 0.4782 0.5761 0.5719 1.1625 0.4210 0.3555 0.0 1.0 0.0 0.0 0.0
1.1058 -0.0010 1.0516 0.6807 0.8127 0.6758 1.0472 0.6864 0.7937 0.6187 1.0538 0.6786 0.6349 0.2790 0.0 1.0 0.0 0.0 0.0
0.1262 0.9783 0.0721 0.7242 0.0643 0.5799 0.0800 0.7147 0.0620 0.5688 0.0785 0.7166 0.0638 0.4670 0.0 1.0 0.0 0.0 0.0
0.5448 0.5599 0.8501 0.5733 0.9760 0.5664 1.7401 -0.0095 -0.0023 2.0026 -0.0065 1.7400 0.4914 0.3437 0.0 0.0 1.0 0.0 0.0
0.7635 0.3143 1.0815 0.3092 1.1972 0.3142 1.7271 0.0057 2.0045 -0.0053 -0.0065 1.7398 0.6351 0.1831 0.0 0.0 1.0 0.0 0.0
0.4118 0.3514 0.6627 0.5301 0.7454 0.6146 0.6593 0.5344 0.7710 0.6052 0.6550 0.5390 0.3787 0.3106 1.0 0.0 0.0 0.0 0.0
0.4302 0.3515 0.6820 0.5408 0.7653 0.6291 0.6670 0.5588 0.7891 0.6226 0.6700 0.5551 0.3891 0.3178 1.0 0.0 0.0 0.0 0.0
0.2938 0.3916 0.4805 0.5894 0.5451 0.6735 0.4822 0.5874 0.5444 0.6930 0.4856 0.5837 0.2772 0.3406 1.0 0.0 0.0 0.0 0.0
0.4064 0.4051 0.7226 0.4016 0.8515 0.3911 1.7304 0.0019 -0.0029 2.0032 0.0016 -0.0019 0.4097 0.2528 0.0 0.0 1.0 0.0 0.0
0.5454 0.1853 0.8580 0.1863 0.9690 0.1969 1.7362 -0.0046 -0.0066 2.0082 0.0097 -0.0116 0.4938 0.1192 0.0 0.0 1.0 0.0 0.0
0.4292 0.1488 0.7431 0.1479 0.8591 0.1528 1.7339 -0.0022 -0.0040 2.0043 0.0047 -0.0057 0.4208 0.0954 0.0 0.0 1.0 0.0 0.0
0.4097 0.6940 0.7318 0.9398 0.8343 0.9602 1.7341 -0.0022 0.0051 1.9941 -0.0047 1.7375 0.4035 0.5478 0.0 0.0 1.0 0.0 0.0
0.3846 0.6193 0.6985 0.6184 0.8297 0.6055 1.7289 0.0037 0.0020 1.9979 0.0055 -0.0066 0.3955 0.3814 0.0 0.0 1.0 0.0 0.0
0.5187 0.5870 0.2812 0.5850 0.2369 0.4559 0.2751 0.5926 0.2302 0.4484 0.2763 0.5907 0.2198 0.3432 0.0 1.0 0.0 0.0 0.0
1.0993 0.0072 0.4864 0.6763 0.4173 0.4525 0.4943 0.6668 0.4117 0.4362 0.4904 0.6710 0.3684 0.3000 0.0 1.0 0.0 0.0 0.0
-0.0021 0.2436 0.1749 0.3804 0.2812 0.3967 -0.0059 1.7394 0.0021 -0.0026 -0.0013 0.0017 0.0998 0.2052 0.0 0.0 1.0 0.0 0.0
1.0973 0.0100 0.4044 0.8447 0.3526 0.5587 0.3988 0.8516 0.3416 0.5475 0.4003 0.8499 0.3101 0.3815 0.0 1.0 0.0 0.0 0.0
1.1052 0.0006 0.4812 1.1225 0.3919 0.6301 0.4817 1.1222 0.3918 0.6000 0.4776 1.1273 0.3528 0.3932 0.0 1.0 0.0 0.0 0.0
0.2523 0.6427 0.5738 0.6326 0.6875 0.6403 1.7228 0.0110 -0.0055 2.0068 0.0060 -0.0072 0.3148 0.3981 0.0 0.0 1.0 0.0 0.0
0.2806 0.4707 0.4583 0.7155 0.5122 0.8255 0.4547 0.7196 0.5221 0.8346 0.4561 0.7174 0.2609 0.4174 1.0 0.0 0.0 0.0 0.0
0.2718 0.8335 0.1535 0.7309 0.1362 0.5674 0.1495 0.7355 0.1321 0.5569 0.1595 0.7240 0.1311 0.4389 0.0 1.0 0.0 0.0 0.0
0.3474 0.5256 0.6638 0.5224 0.7796 0.5269 1.7306 0.0023 0.0047 1.9940 -0.0041 0.0048 0.3708 0.3294 0.0 0.0 1.0 0.0 0.0
0.4195 0.3557 0.6546 0.5608 0.7458 0.6375 0.6624 0.5515 0.7469 0.6582 0.6573 0.5576 0.3775 0.3242 1.0 0.0 0.0 0.0 0.0
-0.0084 0.0109 0.2002 0.1141 0.3217 0.1121 -0.0055 0.0067 0.0012 -0.0014 0.0017 -0.0020 0.1107 0.0567 0.0 0.0 1.0 0.0 0.0
0.4385 0.1392 0.6883 0.2163 0.7950 0.2331 0.6964 0.2067 0.8027 0.2408 0.6912 0.2133 0.4006 0.1211 1.0 0.0 0.0 0.0 0.0
0.1378 0.9675 0.0829 0.9876 0.0673 0.7542 0.0879 0.9820 0.0751 0.7253 0.0852 0.9853 0.0709 0.5697 0.0 1.0 0.0 0.0 0.0
0.1730 0.9329 0.4729 1.2612 0.6031 1.2559 1.7356 -0.0042 -0.0101 2.0120 -0.0024 1.7351 0.2642 0.7090 0.0 0.0 1.0 0.0 0.0
1.1096 -0.0045 0.5396 0.5968 0.4551 0.4012 0.5419 0.5939 0.4496 0.3855 0.5478 0.5866 0.3979 0.2630 0.0 1.0 0.0 0.0 0.0
0.5723 0.5322 0.2908 0.2941 0.2481 0.2392 0.2985 0.2849 0.2540 0.2227 0.2956 0.2882 0.2329 0.1877 0.0 1.0 0.0 0.0 0.0
-0.0054 0.4092 0.2470 0.4676 0.3627 0.4729 0.0013 1.7307 0.0045 -0.0054 0.0036 -0.0045 0.1297 0.2752 0.0 0.0 1.0 0.0 0.0
0.3882 0.2170 0.6879 0.2329 0.8058 0.2355 1.7370 -0.0055 0.0013 1.9983 -0.0090 0.0107 0.3897 0.1449 0.0 0.0 1.0 0.0 0.0
0.0642 0.8585 0.3730 0.8638 0.4932 0.8632 1.7463 -0.0164 0.0030 1.9967 0.0002 -0.0004 0.1971 0.5337 0.0 0.0 1.0 0.0 0.0
-0.0007 1.0566 0.2199 1.1487 0.3397 1.1490 0.0046 1.7268 0.0013 1.9987 -0.0071 1.7408 0.1183 0.6879 0.0 0.0 1.0 0.0 0.0
0.0309 0.6248 0.0504 0.9761 0.0581 1.1112 0.0554 0.9704 0.0510 1.1358 0.0572 0.9680 0.0292 0.5635 1.0 0.0 0.0 0.0 0.0
0.3881 0.7190 0.2299 1.5008 0.2002 1.1061 0.2289 1.5016 0.1922 1.0645 0.2192 1.5134 0.1798 0.6823 0.0 1.0 0.0 0.0 0.0
0.6229 0.1007 0.9416 0.0942 1.0615 0.0942 1.7242 0.0091 2.0000 -0.0000 0.0066 -0.0080 0.5459 0.0620 0.0 0.0 1.0 0.0 0.0
0.4246 0.6817 0.2389 1.4925 0.2055 0.9250 0.2319 1.5009 0.1974 0.8990 0.2302 1.5029 0.1908 0.6046 0.0 1.0 0.0 0.0 0.0
1.1009 0.0056 0.5603 1.1712 0.4686 1.2791 0.5616 1.1702 0.4650 1.1319 0.5443 1.1899 0.4048 0.5549 0.0 1.0 0.0 0.0 0.0
0.9935 0.1134 0.4059 0.7297 0.3338 0.5243 0.3897 0.7495 0.3321 0.5049 0.3951 0.7425 0.3030 0.3588 0.0 1.0 0.0 0.0 0.0
0.0463 1.0595 0.0268 0.6918 0.0255 0.5620 0.0254 0.6935 0.0260 0.5497 0.0243 0.6950 0.0252 0.4678 0.0 1.0 0.0 0.0 0.0
0.5266 0.0298 0.8442 0.0242 0.9678 0.0205 1.7251 0.0079 -0.0004 2.0001 -0.0071 0.0083 0.4836 0.0186 0.0 0.0 1.0 0.0 0.0
0.0090 0.3420 0.3016 0.3649 0.4243 0.3615 -0.0056 1.7387 -0.0036 0.0045 -0.0052 0.0062 0.1618 0.2118 0.0 0.0 1.0 0.0 0.0
0.2242 0.3973 0.3377 0.6392 0.3915 0.7192 0.3361 0.6413 0.3951 0.7314 0.3399 0.6364 0.1965 0.3671 1.0 0.0 0.0 0.0 0.0
1.1097 -0.0049 0.6260 1.1070 0.5287 1.0257 0.6365 1.0946 0.5154 0.9503 0.6322 1.1000 0.4467 0.4822 0.0 1.0 0.0 0.0 0.0
1.1022 0.0038 0.5658 0.5750 0.4658 0.3940 0.5549 0.5885 0.4595 0.3792 0.5488 0.5956 0.4032 0.2602 0.0 1.0 0.0 0.0 0.0
0.3646 0.4472 0.5648 0.7078 0.6445 0.8037 0.5761 0.6944 0.6493 0.8203 0.5664 0.7055 0.3274 0.4071 1.0 0.0 0.0 0.0 0.0
0.5238 0.3492 0.8175 0.5507 0.9359 0.6211 0.8181 0.5504 0.9373 0.6440 0.8102 0.5594 0.4733 0.3165 1.0 0.0 0.0 0.0 0.0
0.0354 0.8233 0.3442 0.8287 0.4641 0.8285 0.0111 1.7188 0.0062 1.9927 -0.0062 0.0074 0.1870 0.5045 0.0 0.0 1.0 0.0 0.0
0.5734 0.3327 0.8902 0.5308 1.0238 0.5924 0.8900 0.5311 1.0210 0.6210 0.8949 0.5251 0.5159 0.3042 1.0 0.0 0.0 0.0 0.0
0.4108 0.6945 0.7124 0.7716 0.8394 0.7631 1.7336 -0.0021 0.0060 1.9928 0.0008 1.7308 0.4084 0.4574 0.0 0.0 1.0 0.0 0.0
0.4772 0.4922 0.7452 0.7743 0.8638 0.8636 0.7504 0.7683 0.8760 0.8755 0.7592 0.7573 0.4336 0.4430 1.0 0.0 0.0 0.0 0.0
0.3575 0.3957 0.5617 0.6184 0.6353 0.7089 0.5501 0.6318 0.6356 0.7288 0.5587 0.6219 0.3212 0.3606 1.0 0.0 0.0 0.0 0.0
0.4117 0.4649 0.6395 0.7357 0.7279 0.8372 0.6448 0.7292 0.7403 0.8463 0.6357 0.7398 0.3671 0.4271 1.0 0.0 0.0 0.0 0.0
0.4721 0.3790 0.7874 0.3765 0.9168 0.3654 1.7280 0.0047 -0.0151 2.0174 -0.0007 0.0010 0.4507 0.2359 0.0 0.0 1.0 0.0 0.0
0.1110 0.9929 0.0648 0.5537 0.0610 0.4510 0.0614 0.5576 0.0527 0.4512 0.0650 0.5535 0.0545 0.3855 0.0 1.0 0.0 0.0 0.0
-0.0022 0.6892 0.2281 0.7721 0.3461 0.7741 0.0004 1.7312 -0.0065 2.0082 0.0015 -0.0020 0.1234 0.4616 0.0 0.0 1.0 0.0 0.0
1.1029 0.0031 0.4876 0.2250 0.3996 0.1860 0.4818 0.2318 0.3992 0.1738 0.4897 0.2224 0.3603 0.1302 0.0 1.0 0.0 0.0 0.0
1.1164 -0.0126 1.0729 0.6591 0.8174 1.1558 1.0718 0.6608 0.7985 1.0054 1.0751 0.6569 0.6416 0.3487 0.0 1.0 0.0 0.0 0.0
0.7523 0.3527 0.3550 0.3610 0.2892 0.2995 0.3507 0.3658 0.3042 0.2689 0.3436 0.3741 0.2739 0.2182 0.0 1.0 0.0 0.0 0.0
0.5871 0.3941 0.9195 0.6179 1.0492 0.7004 0.9363 0.5978 1.0547 0.7223 0.9137 0.6244 0.5335 0.3536 1.0 0.0 0.0 0.0 0.0
0.1977 0.2902 0.3104 0.4537 0.3692 0.4976 0.3120 0.4519 0.3698 0.5104 0.3237 0.4379 0.1832 0.2572 1.0 0.0 0.0 0.0 0.0
1.1080 -0.0027 0.4785 0.6119 0.4164 0.4128 0.4910 0.5970 0.3962 0.4160 0.4837 0.6055 0.3611 0.2855 0.0 1.0 0.0 0.0 0.0
0.5489 0.3360 0.8542 0.5335 0.9793 0.5991 0.8598 0.5271 0.9957 0.6048 0.8634 0.5226 0.4967 0.3038 1.0 0.0 0.0 0.0 0.0
0.6430 0.3092 1.0123 0.4782 1.1514 0.5459 1.0085 0.4827 1.1661 0.5552 1.0103 0.4804 0.5804 0.2807 1.0 0.0 0.0 0.0 0.0
0.2074 0.4157 0.3359 0.6384 0.3742 0.7368 0.3308 0.6442 0.3793 0.7471 0.3363 0.6383 0.1918 0.3712 1.0 0.0 0.0 0.0 0.0
0.2360 0.4100 0.3638 0.6495 0.4194 0.7329 0.3687 0.6435 0.4197 0.7501 0.3645 0.6487 0.2118 0.3728 1.0 0.0 0.0 0.0 0.0
0.1784 0.9283 0.1094 0.7604 0.1015 0.5917 0.1166 0.7518 0.0983 0.5807 0.1072 0.7629 0.0932 0.4707 0.0 1.0 0.0 0.0 0.0
0.2852 0.4350 0.6036 0.4288 0.7166 0.4370 1.7273 0.0054 -0.0035 2.0042 -0.0044 0.0052 0.3308 0.2755 0.0 0.0 1.0 0.0 0.0
0.6158 0.3289 0.9720 0.5067 1.1039 0.5807 0.9615 0.5186 1.1150 0.5939 0.9652 0.5145 0.5577 0.2966 1.0 0.0 0.0 0.0 0.0
0.1936 0.4015 0.3047 0.6275 0.3518 0.7089 0.3002 0.6328 0.3602 0.7145 0.3062 0.6259 0.1762 0.3619 1.0 0.0 0.0 0.0 0.0
0.1090 0.9969 0.4135 1.1618 0.5475 1.1449 1.7409 -0.0103 0.0026 1.9967 -0.0021 1.7347 0.2282 0.6810 0.0 0.0 1.0 0.0 0.0
0.4283 0.6776 0.7475 0.8877 0.8547 0.9026 1.7244 0.0087 0.0063 1.9927 -0.0009 1.7328 0.4215 0.5146 0.0 0.0 1.0 0.0 0.0
-0.0080 0.9266 0.1447 1.0851 0.2503 1.1023 -0.0013 1.7333 0.0022 1.9980 0.0035 -0.0042 0.0832 0.6436 0.0 0.0 1.0 0.0 0.0
0.1958 0.6048 0.3144 0.9377 0.3616 1.0635 0.3081 0.9459 0.3657 1.0799 0.3104 0.9431 0.1812 0.5420 1.0 0.0 0.0 0.0 0.0
1.0809 0.0223 1.3800 0.2270 1.5024 0.2240 1.7372 -0.0057 1.9963 0.0047 1.7283 0.0051 0.8142 0.1094 0.0 0.0 1.0 0.0 0.0
0.1993 0.5358 0.3171 0.8338 0.3591 0.9521 0.3201 0.8299 0.3524 0.9792 0.3225 0.8272 0.1827 0.4819 1.0 0.0 0.0 0.0 0.0
0.4485 0.6566 0.7582 0.9737 0.8842 1.0709 1.7284 0.0042 0.0034 1.9959 0.0094 1.7210 0.4318 0.5652 0.0 0.0 1.0 0.0 0.0
0.0336 0.7618 0.0530 1.1930 0.0602 1.3588 0.0519 1.1944 0.0628 1.3761 0.0575 1.1878 0.0340 0.6848 1.0 0.0 0.0 0.0 0.0
0.1282 0.3381 0.1882 0.5448 0.2122 0.6231 0.1979 0.5333 0.2302 0.6144 0.1969 0.5347 0.1105 0.3125 1.0 0.0 0.0 0.0 0.0
0.3310 0.3943 0.5320 0.6025 0.5953 0.6984 0.5190 0.6175 0.6124 0.6973 0.5239 0.6118 0.3043 0.3511 1.0 0.0 0.0 0.0 0.0
0.6629 0.1010 0.9712 0.1069 1.1000 0.0968 1.7391 -0.0085 1.9971 0.0028 0.0058 -0.0069 0.5697 0.0639 0.0 0.0 1.0 0.0 0.0
0.4462 0.6601 0.2364 0.6337 0.2152 0.4774 0.2450 0.6236 0.2027 0.4771 0.2544 0.6123 0.1978 0.3658 0.0 1.0 0.0 0.0 0.0
0.7002 0.4043 0.3444 1.0799 0.2954 0.6841 0.3399 1.0854 0.2853 0.6689 0.3407 1.0849 0.2633 0.4633 0.0 1.0 0.0 0.0 0.0
0.1475 0.2448 0.2261 0.3895 0.2637 0.4360 0.2374 0.3762 0.2670 0.4429 0.2390 0.3742 0.1340 0.2209 1.0 0.0 0.0 0.0 0.0
0.2147 0.7361 0.3403 1.1490 0.3794 1.3176 0.3384 1.1512 0.3819 1.3396 0.3314 1.1593 0.1946 0.6654 1.0 0.0 0.0 0.0 0.0
0.6705 0.4350 0.9878 0.4790 1.1079 0.4788 1.7315 0.0006 1.9985 0.0016 0.0015 1.7307 0.5747 0.2837 0.0 0.0 1.0 0.0 0.0
0.1983 0.4471 0.2944 0.7198 0.3500 0.8024 0.2978 0.7159 0.3440 0.8268 0.3041 0.7085 0.1730 0.4121 1.0 0.0 0.0 0.0 0.0
0.1707 0.0168 0.4954 0.0033 0.6117 0.0080 1.7396 -0.0083 0.0035 -0.0040 -0.0036 0.0043 0.2648 0.0077 0.0 0.0 1.0 0.0 0.0
1.1046 0.0009 0.6745 1.0582 0.5639 0.7450 0.6862 1.0449 0.5457 0.7133 0.6728 1.0602 0.4731 0.3895 0.0 1.0 0.0 0.0 0.0
1.1031 0.0032 0.4177 1.3150 0.3637 1.1893 0.4263 1.3055 0.3603 1.1033 0.4250 1.3074 0.3225 0.6059 0.0 1.0 0.0 0.0 0.0
0.2475 0.8566 0.1380 0.6975 0.1306 0.5388 0.1410 0.6941 0.1214 0.5353 0.1473 0.6865 0.1190 0.4296 0.0 1.0 0.0 0.0 0.0
0.6207 0.0117 0.9379 0.0067 1.0449 0.0225 1.7286 0.0042 1.9990 0.0026 0.0021 -0.0026 0.5408 0.0102 0.0 0.0 1.0 0.0 0.0
0.2503 0.8546 0.1464 0.2924 0.1280 0.2434 0.1428 0.2969 0.1221 0.2438 0.1421 0.2975 0.1211 0.2109 0.0 1.0 0.0 0.0 0.0
0.2936 0.0400 0.4634 0.0585 0.5257 0.0691 0.4613 0.0613 0.5380 0.0640 0.4679 0.0534 0.2671 0.0344 1.0 0.0 0.0 0.0 0.0
0.3095 0.1897 0.4961 0.2835 0.5552 0.3342 0.4874 0.2943 0.5607 0.3418 0.4881 0.2931 0.2818 0.1693 1.0 0.0 0.0 0.0 0.0
0.0030 0.9308 0.1782 1.0698 0.3014 1.0662 -0.0081 1.7419 -0.0022 2.0029 -0.0011 0.0011 0.0999 0.6371 0.0 0.0 1.0 0.0 0.0
0.7719 0.0448 1.2157 0.0621 1.3908 0.0631 1.2187 0.0587 1.4076 0.0672 1.2258 0.0504 0.7037 0.0338 1.0 0.0 0.0 0.0 0.0
0.0208 0.6611 0.3293 0.6668 0.4407 0.6768 0.0015 1.7301 -0.0048 2.0054 0.0060 -0.0072 0.1738 0.4091 0.0 0.0 1.0 0.0 0.0
0.0401 1.0634 0.3512 1.3772 0.4586 1.3927 -0.0039 1.7361 0.0079 1.9907 0.0023 1.7293 0.1836 0.7869 0.0 0.0 1.0 0.0 0.0
0.0672 0.5516 0.0973 0.8738 0.1109 0.9949 0.1004 0.8701 0.1095 1.0126 0.0963 0.8752 0.0546 0.5065 1.0 0.0 0.0 0.0 0.0
1.0999 0.0068 0.6404 0.1971 0.5264 0.1468 0.6253 0.2148 0.5121 0.1475 0.6344 0.2043 0.4480 0.1026 0.0 1.0 0.0 0.0 0.0
1.1010 0.0053 0.7755 0.3277 0.6259 0.2132 0.7707 0.3337 0.6153 0.2036 0.7643 0.3410 0.5202 0.1311 0.0 1.0 0.0 0.0 0.0
0.2480 0.6375 0.5654 0.6323 0.6833 0.6347 1.7329 -0.0011 0.0038 1.9956 0.0008 -0.0007 0.3093 0.3984 0.0 0.0 1.0 0.0 0.0
0.0047 0.0434 0.0088 0.3531 0.1132 0.3720 0.0041 -0.0049 0.0011 -0.0015 0.0013 -0.0016 0.0319 0.1615 0.0 0.0 1.0 0.0 0.0
0.6743 0.4319 0.3256 0.7031 0.2808 0.5155 0.3386 0.6877 0.2851 0.4909 0.3308 0.6975 0.2598 0.3663 0.0 1.0 0.0 0.0 0.0
0.1699 0.9374 0.1083 0.6068 0.0963 0.4887 0.1122 0.6022 0.0913 0.4831 0.0987 0.6184 0.0913 0.4002 0.0 1.0 0.0 0.0 0.0
0.1313 0.2881 0.2088 0.4476 0.2423 0.5045 0.2177 0.4371 0.2489 0.5077 0.2177 0.4373 0.1240 0.2544 1.0 0.0 0.0 0.0 0.0
0.2353 0.2486 0.3767 0.3800 0.4270 0.4349 0.3798 0.3765 0.4385 0.4347 0.3762 0.3805 0.2160 0.2211 1.0 0.0 0.0 0.0 0.0
